out_start,out_end,src_start,src_end,len
0,2048,8049,10097,2048
2048,4096,12145,14193,2048
4096,6144,14193,16241,2048
6144,8192,28529,30577,2048
8192,10240,36721,38769,2048
