device,2DUE6002,2DUE8000,2SCE6010,DUE5000,DUE6001,DUE6002,DUE6100,DUE8000,SCE6010
2DUE6002,0.000000,0.011763,0.053127,0.242698,0.034788,0.001752,0.242138,0.008937,0.051881
2DUE8000,0.011763,0.000000,0.050733,0.250777,0.035020,0.009593,0.250203,0.001271,0.048710
2SCE6010,0.053127,0.050733,0.000000,0.261947,0.025611,0.051069,0.261189,0.048432,0.002747
DUE5000,0.242698,0.250777,0.261947,0.000000,0.260763,0.240453,0.000971,0.246055,0.265306
DUE6001,0.034788,0.035020,0.025611,0.260763,0.000000,0.034157,0.260267,0.032418,0.025921
DUE6002,0.001752,0.009593,0.051069,0.240453,0.034157,0.000000,0.240061,0.007130,0.050052
DUE6100,0.242138,0.250203,0.261189,0.000971,0.260267,0.240061,0.000000,0.245485,0.264326
DUE8000,0.008937,0.001271,0.048432,0.246055,0.032418,0.007130,0.245485,0.000000,0.046687
SCE6010,0.051881,0.048710,0.002747,0.265306,0.025921,0.050052,0.264326,0.046687,0.000000
