device,2DUE6002,2DUE8000,2SCE6010,DUE5000,DUE6001,DUE6002,DUE6100,DUE8000,SCE6010
2DUE6002,1.000000,0.954802,0.863072,0.635557,0.862530,0.985229,0.637735,0.950640,0.869225
2DUE8000,0.954802,1.000000,0.902396,0.637742,0.914561,0.971418,0.641404,0.996093,0.914886
2SCE6010,0.863072,0.902396,1.000000,0.663664,0.945062,0.899554,0.666792,0.912440,0.995254
DUE5000,0.635557,0.637742,0.663664,1.000000,0.703735,0.688429,0.999261,0.656089,0.678707
DUE6001,0.862530,0.914561,0.945062,0.703735,1.000000,0.910966,0.706863,0.928295,0.954667
DUE6002,0.985229,0.971418,0.899554,0.688429,0.910966,1.000000,0.691583,0.972900,0.909093
DUE6100,0.637735,0.641404,0.666792,0.999261,0.706863,0.691583,1.000000,0.659979,0.682667
DUE8000,0.950640,0.996093,0.912440,0.656089,0.928295,0.972900,0.659979,1.000000,0.925119
SCE6010,0.869225,0.914886,0.995254,0.678707,0.954667,0.909093,0.682667,0.925119,1.000000
