device,2DUE6002,2DUE8000,2SCE6010,DUE5000,DUE6001,DUE6002,DUE6100,DUE8000,SCE6010
2DUE6002,1.000000,0.987460,0.921888,0.737133,0.945122,0.998817,0.737783,0.991892,0.922529
2DUE8000,0.987460,1.000000,0.916173,0.714815,0.941728,0.989534,0.715467,0.998363,0.917118
2SCE6010,0.921888,0.916173,1.000000,0.659143,0.971548,0.922894,0.659853,0.919858,0.997812
DUE5000,0.737133,0.714815,0.659143,1.000000,0.664369,0.739728,0.999789,0.730116,0.658581
DUE6001,0.945122,0.941728,0.971548,0.664369,1.000000,0.944830,0.665129,0.944847,0.971537
DUE6002,0.998817,0.989534,0.922894,0.739728,0.944830,1.000000,0.740276,0.993733,0.923337
DUE6100,0.737783,0.715467,0.659853,0.999789,0.665129,0.740276,1.000000,0.730780,0.659437
DUE8000,0.991892,0.998363,0.919858,0.730116,0.944847,0.993733,0.730780,1.000000,0.920762
SCE6010,0.922529,0.917118,0.997812,0.658581,0.971537,0.923337,0.659437,0.920762,1.000000
